-1 -0.5 0 0.5 1

-4 -2 0 2 4

-3.14 -1.57 0 1.57 3.14

-3 -2.5 -2 -1.5 -1 -0.5 0 0.5 1 1.5 2 2.5 3

-2 -1 0 1 2

-4 -3 -2 -1 0 1 2 3 4



// тест1, мало точек, равномерно
-1 -0.5 0 0.5 1
0.25 0.75

-4 -2 0 2 4
1 3

-3.14 -1.57 0 1.57 3.14
0.78 1.17

-3 -1 1 3
0 2


// тест 2, много точек, равномерно
-1 -0.8 -0.6 -0.4 -0.2 0 0.2 0.4 0.6 0.8 1
0.1 0.3 0.5 0.7 0.9

-4 -3 -2 -1 0 1 2 3 4
0.5 1.5 2.5 3.5

-3.5 -2.5 -1.5 -0.5 0.5 1.5 2.5 3.5
0 1 2 3

-3 -2.5 -2 -1.5 -1 -0.5 0 0.5 1 1.5 2 2.5 3
-2.75 -2.25 -1.75 -1.25 -0.75 -0.25 0.25 0.25 0.75 1.25 1.75 2.25 2.75


// тест 3, неравномерно
-1 -0.5 -0.25 -0.2 -0.1 0 0.1 0.2 0.25 0.5 1
0.05 0.15 0.225 0.44 0.9

-4 -2.5 -2 -1.5 -1 0 1 1.5 2 2.5 4
0.5 1.25 1.75 2.25 3.5

-3.5 -2 -1 0.1 3.4 3.5
-2.75 -1.5 -0.45 1.75 3.45

-3 -2.5 -2 -1.75 -1.5 -1.2 -1 -0.8 -0.5 0 0.5 1 1.5 2 2.5 3
-2.75 -2.25 -1.875 -1.625 -1.35 -1.1 -0.9 -0.65 -0.25 0.25 0.25 0.75 1.25 1.75 2.25 2.75